(* Content-type: application/mathematica *)

(*** Wolfram Notebook File ***)
(* http://www.wolfram.com/nb *)

(* CreatedBy='Mathematica 7.0' *)

(*CacheID: 234*)
(* Internal cache information:
NotebookFileLineBreakTest
NotebookFileLineBreakTest
NotebookDataPosition[       145,          7]
NotebookDataLength[     48144,       1269]
NotebookOptionsPosition[     43325,       1180]
NotebookOutlinePosition[     43716,       1196]
CellTagsIndexPosition[     43673,       1193]
WindowFrame->Normal*)

(* Beginning of Notebook Content *)
Notebook[{
Cell[BoxData["ou"], "Input",
 CellChangeTimes->{{3.897461463481443*^9, 
  3.897461463506564*^9}},ExpressionUUID->"842fbe4d-3677-4ee2-bddc-\
e57151870e1d"],

Cell[CellGroupData[{

Cell["C\[AAcute]lculo de Capacit\[AHat]ncias em Linhas de Transmiss\[ATilde]o \
A\[EAcute]reas", "Title",
 CellChangeTimes->{{3.498467823999078*^9, 
  3.498467839635761*^9}},ExpressionUUID->"107d8a06-2ee1-4a87-bbd9-\
efa7a8aca387"],

Cell[CellGroupData[{

Cell["Func\[OTilde]es Auxiliares ", "Section",
 CellChangeTimes->{{3.498467852700636*^9, 
  3.498467870464908*^9}},ExpressionUUID->"babb7525-73d8-4284-a12c-\
67ac98e55e16"],

Cell[BoxData[{
 RowBox[{
  RowBox[{
   RowBox[{"eliminaPR", "[", 
    RowBox[{
     RowBox[{"m_", "?", "MatrixQ"}], ",", "nc_", ",", "np_"}], "]"}], ":=", 
   RowBox[{"Take", "[", 
    RowBox[{
     RowBox[{"Inverse", "[", "m", "]"}], ",", 
     RowBox[{"nc", "-", "np"}], ",", 
     RowBox[{"nc", "-", "np"}]}], "]"}]}], "\[IndentingNewLine]"}], "\n", 
 RowBox[{
  RowBox[{"eliminaFeixe", "[", 
   RowBox[{
    RowBox[{"aux_", "?", "MatrixQ"}], ",", "nb_", ",", "nf_"}], "]"}], ":=", 
  RowBox[{"Table", "[", 
   RowBox[{
    RowBox[{"Sum", "[", 
     RowBox[{
      RowBox[{"aux", "[", 
       RowBox[{"[", 
        RowBox[{"i", ",", "j"}], "]"}], "]"}], ",", 
      RowBox[{"{", 
       RowBox[{"i", ",", 
        RowBox[{
         RowBox[{"nb", "*", "m"}], "-", 
         RowBox[{"(", 
          RowBox[{"nb", "-", "1"}], ")"}]}], ",", 
        RowBox[{"nb", "*", "m"}]}], "}"}], ",", 
      RowBox[{"{", 
       RowBox[{"j", ",", 
        RowBox[{
         RowBox[{"nb", "*", "n"}], "-", 
         RowBox[{"(", 
          RowBox[{"nb", "-", "1"}], ")"}]}], ",", 
        RowBox[{"nb", "*", "n"}]}], "}"}]}], "]"}], ",", 
    RowBox[{"{", 
     RowBox[{"m", ",", "nf"}], "}"}], ",", 
    RowBox[{"{", 
     RowBox[{"n", ",", "1", ",", "nf"}], "}"}]}], "]"}]}], "\n", 
 RowBox[{
  RowBox[{"(*", 
   RowBox[{
   "Matriz", " ", "de", " ", "Coeficientes", " ", "de", " ", "Potencial"}], 
   "*)"}], 
  RowBox[{
   RowBox[{"MPot", "[", 
    RowBox[{
     RowBox[{
      RowBox[{"(", "x_", ")"}], "?", "VectorQ"}], ",", 
     RowBox[{
      RowBox[{"(", "y_", ")"}], "?", "VectorQ"}], ",", "nc_", ",", "npr_", 
     ",", "rf_", ",", "rpr_"}], "]"}], ":=", 
   RowBox[{"Table", "[", 
    RowBox[{
     RowBox[{"If", "[", 
      RowBox[{
       RowBox[{"i", "\[NotEqual]", "j"}], ",", 
       RowBox[{
        RowBox[{"(", 
         RowBox[{"1", "/", "2"}], ")"}], "*", 
        RowBox[{"Log", "[", 
         RowBox[{
          RowBox[{"(", 
           RowBox[{
            RowBox[{
             RowBox[{"(", 
              RowBox[{
               RowBox[{"x", "[", 
                RowBox[{"[", "i", "]"}], "]"}], "-", 
               RowBox[{"x", "[", 
                RowBox[{"[", "j", "]"}], "]"}]}], ")"}], "^", "2"}], "+", 
            RowBox[{
             RowBox[{"(", 
              RowBox[{
               RowBox[{"y", "[", 
                RowBox[{"[", "i", "]"}], "]"}], "+", 
               RowBox[{"y", "[", 
                RowBox[{"[", "j", "]"}], "]"}]}], ")"}], "^", "2"}]}], ")"}], 
          "/", 
          RowBox[{"(", 
           RowBox[{
            RowBox[{
             RowBox[{"(", 
              RowBox[{
               RowBox[{"x", "[", 
                RowBox[{"[", "i", "]"}], "]"}], "-", 
               RowBox[{"x", "[", 
                RowBox[{"[", "j", "]"}], "]"}]}], ")"}], "^", "2"}], "+", 
            RowBox[{
             RowBox[{"(", 
              RowBox[{
               RowBox[{"y", "[", 
                RowBox[{"[", "i", "]"}], "]"}], "-", 
               RowBox[{"y", "[", 
                RowBox[{"[", "j", "]"}], "]"}]}], ")"}], "^", "2"}]}], 
           ")"}]}], "]"}]}], ",", 
       RowBox[{"If", "[", 
        RowBox[{
         RowBox[{"i", "\[LessEqual]", 
          RowBox[{"nc", "-", "npr"}]}], ",", 
         RowBox[{"Log", "[", 
          RowBox[{
           RowBox[{"(", 
            RowBox[{"2", "*", 
             RowBox[{"y", "[", 
              RowBox[{"[", "i", "]"}], "]"}]}], ")"}], "/", "rf"}], "]"}], 
         ",", 
         RowBox[{"Log", "[", 
          RowBox[{
           RowBox[{"(", 
            RowBox[{"2", "*", 
             RowBox[{"y", "[", 
              RowBox[{"[", "i", "]"}], "]"}]}], ")"}], "/", "rpr"}], "]"}]}], 
        "]"}]}], "]"}], ",", 
     RowBox[{"{", 
      RowBox[{"i", ",", "1", ",", "nc"}], "}"}], ",", 
     RowBox[{"{", 
      RowBox[{"j", ",", "1", ",", "nc"}], "}"}]}], "]"}]}], 
  "\[IndentingNewLine]", "\[IndentingNewLine]", 
  RowBox[{"(*", 
   RowBox[{
   "Matriz", " ", "de", " ", "Coeficientes", " ", "de", " ", "Potencial", " ",
     "para", " ", "lt", " ", "sem", " ", "pr"}], "*)"}]}], "\n", 
 RowBox[{
  RowBox[{
   RowBox[{"MPot2", "[", 
    RowBox[{
     RowBox[{
      RowBox[{"(", "x_", ")"}], "?", "VectorQ"}], ",", 
     RowBox[{
      RowBox[{"(", "y_", ")"}], "?", "VectorQ"}], ",", "nc_", ",", "rf_"}], 
    "]"}], ":=", 
   RowBox[{"Table", "[", 
    RowBox[{
     RowBox[{"If", "[", 
      RowBox[{
       RowBox[{"i", "\[NotEqual]", "j"}], ",", 
       RowBox[{
        RowBox[{"(", 
         RowBox[{"1", "/", "2"}], ")"}], "*", 
        RowBox[{"Log", "[", 
         RowBox[{
          RowBox[{"(", 
           RowBox[{
            RowBox[{
             RowBox[{"(", 
              RowBox[{
               RowBox[{"x", "[", 
                RowBox[{"[", "i", "]"}], "]"}], "-", 
               RowBox[{"x", "[", 
                RowBox[{"[", "j", "]"}], "]"}]}], ")"}], "^", "2"}], "+", 
            RowBox[{
             RowBox[{"(", 
              RowBox[{
               RowBox[{"y", "[", 
                RowBox[{"[", "i", "]"}], "]"}], "+", 
               RowBox[{"y", "[", 
                RowBox[{"[", "j", "]"}], "]"}]}], ")"}], "^", "2"}]}], ")"}], 
          "/", 
          RowBox[{"(", 
           RowBox[{
            RowBox[{
             RowBox[{"(", 
              RowBox[{
               RowBox[{"x", "[", 
                RowBox[{"[", "i", "]"}], "]"}], "-", 
               RowBox[{"x", "[", 
                RowBox[{"[", "j", "]"}], "]"}]}], ")"}], "^", "2"}], "+", 
            RowBox[{
             RowBox[{"(", 
              RowBox[{
               RowBox[{"y", "[", 
                RowBox[{"[", "i", "]"}], "]"}], "-", 
               RowBox[{"y", "[", 
                RowBox[{"[", "j", "]"}], "]"}]}], ")"}], "^", "2"}]}], 
           ")"}]}], "]"}]}], ",", 
       RowBox[{"Log", "[", 
        RowBox[{
         RowBox[{"(", 
          RowBox[{"2", "*", 
           RowBox[{"y", "[", 
            RowBox[{"[", "i", "]"}], "]"}]}], ")"}], "/", "rpr"}], "]"}]}], 
      "]"}], ",", 
     RowBox[{"{", 
      RowBox[{"i", ",", "1", ",", "nc"}], "}"}], ",", 
     RowBox[{"{", 
      RowBox[{"j", ",", "1", ",", "nc"}], "}"}]}], "]"}]}], 
  "\n"}], "\[IndentingNewLine]", 
 RowBox[{
  RowBox[{
   RowBox[{"\[Phi]1", "=", 
    RowBox[{"{", 
     RowBox[{
      RowBox[{"{", 
       RowBox[{"0", ",", "1", ",", "0"}], "}"}], ",", 
      RowBox[{"{", 
       RowBox[{"0", ",", "0", ",", "1"}], "}"}], ",", 
      RowBox[{"{", 
       RowBox[{"1", ",", "0", ",", "0"}], "}"}]}], "}"}]}], ";"}], 
  "\n"}], "\[IndentingNewLine]", 
 RowBox[{
  RowBox[{"Q\[Phi]", "=", 
   RowBox[{"ArrayFlatten", "[", 
    RowBox[{"{", 
     RowBox[{
      RowBox[{"{", 
       RowBox[{"\[Phi]1", ",", "0"}], "}"}], ",", 
      RowBox[{"{", 
       RowBox[{"0", ",", "\[Phi]1"}], "}"}]}], "}"}], "]"}]}], 
  ";"}], "\[IndentingNewLine]", 
 RowBox[{
  RowBox[{"A", "=", 
   RowBox[{"With", "[", 
    RowBox[{
     RowBox[{"{", 
      RowBox[{"a", "=", 
       RowBox[{"Exp", "[", 
        RowBox[{"I", " ", "120", " ", "Degree"}], "]"}]}], "}"}], ",", 
     RowBox[{"{", 
      RowBox[{
       RowBox[{"{", 
        RowBox[{"1", ",", "1", ",", "1"}], "}"}], ",", 
       RowBox[{"{", 
        RowBox[{"1", ",", 
         RowBox[{"a", "^", "2"}], ",", "a"}], "}"}], ",", 
       RowBox[{"{", 
        RowBox[{"1", ",", "a", ",", 
         RowBox[{"a", "^", "2"}]}], "}"}]}], "}"}]}], "]"}]}], 
  ";"}]}], "Input",
 CellChangeTimes->{
  3.498467905940407*^9, {3.498468070532578*^9, 3.49846807329923*^9}, {
   3.498468698190628*^9, 
   3.498468754463216*^9}},ExpressionUUID->"513169d4-6264-44f2-b5f1-\
121fd7add5fb"]
}, Open  ]],

Cell[CellGroupData[{

Cell["Constantes", "Section",
 CellChangeTimes->{{3.498467942868511*^9, 
  3.498467944256714*^9}},ExpressionUUID->"fa1e739c-e00d-4dbe-aced-\
7e7aa27e91d1"],

Cell[BoxData[{
 RowBox[{
  RowBox[{"\[Mu]", "=", 
   RowBox[{"4", " ", "\[Pi]", " ", 
    RowBox[{"10", "^", 
     RowBox[{"-", "7"}]}]}]}], ";"}], "\n", 
 RowBox[{
  RowBox[{"\[Epsilon]", "=", 
   RowBox[{"8.854", " ", 
    RowBox[{"10", "^", 
     RowBox[{"-", "12"}]}]}]}], ";"}]}], "Input",ExpressionUUID->"c4baab3e-\
a5c0-4390-b88d-2a76640326c5"]
}, Open  ]],

Cell[CellGroupData[{

Cell["Configurac\[ATilde]o da LT", "Section",
 CellChangeTimes->{{3.498467994396196*^9, 
  3.498467999154898*^9}},ExpressionUUID->"0afbdf4f-030c-4871-abb7-\
e8a7c21835c8"],

Cell[CellGroupData[{

Cell[BoxData[{
 RowBox[{
  RowBox[{
   RowBox[{"xy", "=", 
    RowBox[{"{", 
     RowBox[{
      RowBox[{"{", 
       RowBox[{
        RowBox[{"-", "4.271"}], ",", "10.771"}], "}"}], ",", 
      RowBox[{"{", 
       RowBox[{
        RowBox[{"-", "4.271"}], ",", "11.229"}], "}"}], ",", 
      RowBox[{"{", 
       RowBox[{
        RowBox[{"-", "4.729"}], ",", "11.229"}], "}"}], ",", 
      RowBox[{"{", 
       RowBox[{
        RowBox[{"-", "4.729"}], ",", "10.771"}], "}"}], ",", 
      RowBox[{"{", 
       RowBox[{"0.229", ",", "15.271"}], "}"}], ",", 
      RowBox[{"{", 
       RowBox[{"0.229", ",", "15.729"}], "}"}], ",", 
      RowBox[{"{", 
       RowBox[{
        RowBox[{"-", "0.229"}], ",", "15.729"}], "}"}], ",", 
      RowBox[{"{", 
       RowBox[{
        RowBox[{"-", "0.229"}], ",", "15.271"}], "}"}], ",", 
      RowBox[{"{", 
       RowBox[{"4.271", ",", "10.771"}], "}"}], ",", 
      RowBox[{"{", 
       RowBox[{"4.271", ",", "11.229"}], "}"}], ",", 
      RowBox[{"{", 
       RowBox[{"4.729", ",", "11.229"}], "}"}], ",", 
      RowBox[{"{", 
       RowBox[{"4.729", ",", "10.771"}], "}"}], ",", 
      RowBox[{"{", 
       RowBox[{
        RowBox[{"-", "3.500"}], ",", "20.000"}], "}"}], ",", 
      RowBox[{"{", 
       RowBox[{"3.500", ",", "20.000"}], "}"}]}], "}"}]}], ";"}], 
  "\[IndentingNewLine]"}], "\n", 
 RowBox[{
  RowBox[{
   RowBox[{"mostra1", "=", 
    RowBox[{
     RowBox[{
      RowBox[{"{", 
       RowBox[{"Circle", "[", 
        RowBox[{"#", ",", ".25"}], "]"}], "}"}], "&"}], "/@", "xy"}]}], ";"}],
   "\[IndentingNewLine]"}], "\n", 
 RowBox[{"t1", "=", 
  RowBox[{"Show", "[", 
   RowBox[{
    RowBox[{"Graphics", "[", "mostra1", "]"}], ",", 
    RowBox[{"AspectRatio", "\[Rule]", "Automatic"}], ",", 
    RowBox[{"Axes", "\[Rule]", "False"}], ",", 
    RowBox[{"Frame", "\[Rule]", "Automatic"}], ",", 
    RowBox[{"FrameLabel", "\[Rule]", 
     RowBox[{"{", 
      RowBox[{
      "\"\<dist\[AHat]ncia (m)\>\"", ",", "\"\<dist\[AHat]ncia (m)\>\""}], 
      "}"}]}]}], "]"}]}]}], "Input",
 CellChangeTimes->{{3.498469572588119*^9, 
  3.498469575718202*^9}},ExpressionUUID->"8c2c4d7f-259f-469a-8e73-\
3adf0f545d49"],

Cell[BoxData[
 GraphicsBox[{CircleBox[{-4.271, 10.771}, 0.25], 
   CircleBox[{-4.271, 11.229}, 0.25], CircleBox[{-4.729, 11.229}, 0.25], 
   CircleBox[{-4.729, 10.771}, 0.25], CircleBox[{0.229, 15.271}, 0.25], 
   CircleBox[{0.229, 15.729}, 0.25], CircleBox[{-0.229, 15.729}, 0.25], 
   CircleBox[{-0.229, 15.271}, 0.25], CircleBox[{4.271, 10.771}, 0.25], 
   CircleBox[{4.271, 11.229}, 0.25], CircleBox[{4.729, 11.229}, 0.25], 
   CircleBox[{4.729, 10.771}, 0.25], CircleBox[{-3.5, 20.}, 0.25], 
   CircleBox[{3.5, 20.}, 0.25]},
  AspectRatio->Automatic,
  Axes->False,
  Frame->Automatic,
  FrameLabel->{
    FormBox["\"dist\[AHat]ncia (m)\"", TraditionalForm], 
    FormBox["\"dist\[AHat]ncia (m)\"", TraditionalForm]}]], "Output",
 CellChangeTimes->{3.498468474339954*^9, 
  3.498469628841286*^9},ExpressionUUID->"c2cebd1d-7aac-41ff-8fda-\
d6157a3a392b"]
}, Open  ]],

Cell[BoxData[{
 RowBox[{
  RowBox[{
   RowBox[{"xc", "=", 
    RowBox[{"xy", "[", 
     RowBox[{"[", 
      RowBox[{"All", ",", "1"}], "]"}], "]"}]}], ";"}], 
  "\[IndentingNewLine]"}], "\n", 
 RowBox[{
  RowBox[{
   RowBox[{"yc", "=", 
    RowBox[{"xy", "[", 
     RowBox[{"[", 
      RowBox[{"All", ",", "2"}], "]"}], "]"}]}], ";"}], 
  "\[IndentingNewLine]"}], "\n", 
 RowBox[{
  RowBox[{"ncond", "=", 
   RowBox[{"Length", "[", "xc", "]"}]}], ";"}], "\n", 
 RowBox[{
  RowBox[{"npr", "=", "2"}], ";"}], "\n", 
 RowBox[{
  RowBox[{"nfeixe", "=", "4"}], ";"}], "\n", 
 RowBox[{
  RowBox[{
   RowBox[{"nfases", "=", "3"}], ";"}], "\[IndentingNewLine]"}], "\n", 
 RowBox[{
  RowBox[{"rf", "=", 
   RowBox[{"29.591", "*", 
    RowBox[{
     RowBox[{"10", "^", 
      RowBox[{"-", "3"}]}], "/", "2"}]}]}], ";"}], "\n", 
 RowBox[{
  RowBox[{"r0", "=", 
   RowBox[{"(", 
    RowBox[{
     RowBox[{"7.3914", "/", "2"}], "*", 
     RowBox[{"10", "^", 
      RowBox[{"-", "3"}]}]}], ")"}]}], ";"}], "\n", 
 RowBox[{
  RowBox[{"\[Rho]c", "=", 
   RowBox[{"6.114292531162", "*", 
    RowBox[{"10", "^", 
     RowBox[{"-", "5"}]}], " ", "Pi", "*", 
    RowBox[{"(", 
     RowBox[{
      RowBox[{"rf", "^", "2"}], "-", 
      RowBox[{"r0", "^", "2"}]}], ")"}]}]}], ";"}], "\n", 
 RowBox[{
  RowBox[{"rpr", "=", 
   RowBox[{"4.57", "*", 
    RowBox[{"10", "^", 
     RowBox[{"-", "3"}]}]}]}], ";"}], "\n", 
 RowBox[{
  RowBox[{"Rdcpr", "=", 
   RowBox[{"4.19", "*", 
    RowBox[{"10", "^", 
     RowBox[{"-", "3"}]}]}]}], ";"}], "\n", 
 RowBox[{
  RowBox[{"\[Rho]pr", "=", 
   RowBox[{"Rdcpr", "*", "Pi", "*", 
    RowBox[{"rpr", "^", "2"}]}]}], ";"}], "\n", 
 RowBox[{
  RowBox[{"\[Rho]solo", "=", "1000."}], ";"}], "\n", 
 RowBox[{
  RowBox[{"\[Sigma]solo", "=", 
   RowBox[{"1", "/", "\[Rho]solo"}]}], ";"}]}], "Input",ExpressionUUID->\
"c3c1d7d9-8183-4a86-8c2e-7cb68a46f2ad"]
}, Open  ]],

Cell[CellGroupData[{

Cell["C\[AAcute]lculos das Matrizes", "Section",
 CellChangeTimes->{{3.49846810730755*^9, 
  3.498468116593102*^9}},ExpressionUUID->"946df2db-bb79-47b0-aa06-\
df5689e12562"],

Cell[BoxData[
 RowBox[{
  RowBox[{"\[Omega]", "=", 
   RowBox[{"2", " ", "\[Pi]", " ", "60."}]}], ";"}]], "Input",
 CellChangeTimes->{{3.498468272380485*^9, 
  3.498468276887296*^9}},ExpressionUUID->"0ee59835-c791-4ab6-a26e-\
0fe1428703dc"],

Cell["calculo da matrix de coeficientes de potencial", "Text",
 CellChangeTimes->{{3.498468282918167*^9, 
  3.498468291640646*^9}},ExpressionUUID->"889b1796-a82c-42e3-ade7-\
56d6650f10f3"],

Cell[CellGroupData[{

Cell[BoxData[{
 RowBox[{
  RowBox[{"P", "=", 
   RowBox[{"MPot", "[", 
    RowBox[{"xc", ",", "yc", ",", "ncond", ",", "2", ",", "rf", ",", "rpr"}], 
    "]"}]}], ";"}], "\[IndentingNewLine]", 
 RowBox[{"MatrixForm", "[", "P", "]"}]}], "Input",
 CellChangeTimes->{{3.498468298204214*^9, 
  3.498468312226618*^9}},ExpressionUUID->"06b422e7-0f81-4d83-aecb-\
d3e8529fb673"],

Cell[BoxData[
 TagBox[
  RowBox[{"(", "\[NoBreak]", GridBox[{
     {"7.283436716428506`", "3.8719285482262715`", "3.525571609348794`", 
      "3.8511165723878262`", "1.4237706187891537`", "1.38990025697146`", 
      "1.4328402203329142`", "1.4717560858296466`", "0.9980257812453902`", 
      "1.0148213624581013`", "0.9698951224511988`", "0.9532213116825975`", 
      "1.2010583625243634`", "0.967181942668574`"},
     {"3.8719285482262715`", "7.325079096650274`", "3.892740899729957`", 
      "3.525571609348794`", "1.4915017762077618`", "1.4573707379221787`", 
      "1.5055392208460598`", "1.5453307142290336`", "1.0148213624581013`", 
      "1.0342097000689567`", "0.9888904507144651`", "0.9698951224511988`", 
      "1.2663523492546243`", "1.010233982783842`"},
     {"3.525571609348794`", "3.892740899729957`", "7.325079096650274`", 
      "3.8719285482262715`", "1.4385438165797624`", "1.4094544006465133`", 
      "1.4573707379221787`", "1.4915017762077618`", "0.9698951224511988`", 
      "0.9888904507144651`", "0.9464234118816546`", "0.9278066129830015`", 
      "1.2609483146869904`", "0.987764613074471`"},
     {"3.8511165723878262`", "3.525571609348794`", "3.8719285482262715`", 
      "7.283436716428506`", "1.3760546227227226`", "1.3467714958443129`", 
      "1.38990025697146`", "1.4237706187891537`", "0.9532213116825975`", 
      "0.9698951224511988`", "0.9278066129830015`", "0.9112803454750216`", 
      "1.1962299138196852`", "0.9462482741583907`"},
     {"1.4237706187891537`", "1.4915017762077618`", "1.4385438165797624`", 
      "1.3760546227227226`", "7.632534984030917`", "4.214873299353102`", 
      "3.868408835561173`", "4.200101303921499`", "1.4717560858296466`", 
      "1.5453307142290336`", "1.4915017762077618`", "1.4237706187891537`", 
      "1.7731388368237981`", "1.818137346124374`"},
     {"1.38990025697146`", "1.4573707379221787`", "1.4094544006465133`", 
      "1.3467714958443129`", "4.214873299353102`", "7.662085521318378`", 
      "4.229645390074208`", "3.868408835561173`", "1.4328402203329142`", 
      "1.5055392208460598`", "1.4573707379221787`", "1.38990025697146`", 
      "1.8462219464101144`", "1.897508347491632`"},
     {"1.4328402203329142`", "1.5055392208460598`", "1.4573707379221787`", 
      "1.38990025697146`", "3.868408835561173`", "4.229645390074208`", 
      "7.662085521318378`", "4.214873299353102`", "1.38990025697146`", 
      "1.4573707379221787`", "1.4094544006465133`", "1.3467714958443129`", 
      "1.897508347491632`", "1.8462219464101144`"},
     {"1.4717560858296466`", "1.5453307142290336`", "1.4915017762077618`", 
      "1.4237706187891537`", "4.200101303921499`", "3.868408835561173`", 
      "4.214873299353102`", "7.632534984030917`", "1.4237706187891537`", 
      "1.4915017762077618`", "1.4385438165797624`", "1.3760546227227226`", 
      "1.818137346124374`", "1.7731388368237981`"},
     {"0.9980257812453902`", "1.0148213624581013`", "0.9698951224511988`", 
      "0.9532213116825975`", "1.4717560858296466`", "1.4328402203329142`", 
      "1.38990025697146`", "1.4237706187891537`", "7.283436716428506`", 
      "3.8719285482262715`", "3.525571609348794`", "3.8511165723878262`", 
      "0.967181942668574`", "1.2010583625243634`"},
     {"1.0148213624581013`", "1.0342097000689567`", "0.9888904507144651`", 
      "0.9698951224511988`", "1.5453307142290336`", "1.5055392208460598`", 
      "1.4573707379221787`", "1.4915017762077618`", "3.8719285482262715`", 
      "7.325079096650274`", "3.892740899729957`", "3.525571609348794`", 
      "1.010233982783842`", "1.2663523492546243`"},
     {"0.9698951224511988`", "0.9888904507144651`", "0.9464234118816546`", 
      "0.9278066129830015`", "1.4915017762077618`", "1.4573707379221787`", 
      "1.4094544006465133`", "1.4385438165797624`", "3.525571609348794`", 
      "3.892740899729957`", "7.325079096650274`", "3.8719285482262715`", 
      "0.987764613074471`", "1.2609483146869904`"},
     {"0.9532213116825975`", "0.9698951224511988`", "0.9278066129830015`", 
      "0.9112803454750216`", "1.4237706187891537`", "1.38990025697146`", 
      "1.3467714958443129`", "1.3760546227227226`", "3.8511165723878262`", 
      "3.525571609348794`", "3.8719285482262715`", "7.283436716428506`", 
      "0.9462482741583907`", "1.1962299138196852`"},
     {"1.2010583625243634`", "1.2663523492546243`", "1.2609483146869904`", 
      "1.1962299138196852`", "1.7731388368237981`", "1.8462219464101144`", 
      "1.897508347491632`", "1.818137346124374`", "0.967181942668574`", 
      "1.010233982783842`", "0.987764613074471`", "0.9462482741583907`", 
      "9.07712152818996`", "1.7580520122244863`"},
     {"0.967181942668574`", "1.010233982783842`", "0.987764613074471`", 
      "0.9462482741583907`", "1.818137346124374`", "1.897508347491632`", 
      "1.8462219464101144`", "1.7731388368237981`", "1.2010583625243634`", 
      "1.2663523492546243`", "1.2609483146869904`", "1.1962299138196852`", 
      "1.7580520122244863`", "9.07712152818996`"}
    },
    GridBoxAlignment->{
     "Columns" -> {{Center}}, "ColumnsIndexed" -> {}, "Rows" -> {{Baseline}}, 
      "RowsIndexed" -> {}},
    GridBoxSpacings->{"Columns" -> {
        Offset[0.27999999999999997`], {
         Offset[0.7]}, 
        Offset[0.27999999999999997`]}, "ColumnsIndexed" -> {}, "Rows" -> {
        Offset[0.2], {
         Offset[0.4]}, 
        Offset[0.2]}, "RowsIndexed" -> {}}], "\[NoBreak]", ")"}],
  Function[BoxForm`e$, 
   MatrixForm[BoxForm`e$]]]], "Output",
 CellChangeTimes->{3.49846847445854*^9, 
  3.498469628945555*^9},ExpressionUUID->"ff1ab0ed-a2df-48ec-8aa5-\
6d52abb568ae"]
}, Open  ]],

Cell["elimina\[CCedilla]\[ATilde]o dos cabos para-raios: m\[EAcute]todo \
\"direto\"", "Text",
 CellChangeTimes->{{3.498468282918167*^9, 3.498468291640646*^9}, {
  3.49846832693183*^9, 
  3.498468355690276*^9}},ExpressionUUID->"7654c8ca-06b3-44a5-b276-\
fcce3336ae8b"],

Cell[BoxData[
 RowBox[{
  RowBox[{"CsemPR", "=", 
   RowBox[{"eliminaPR", "[", 
    RowBox[{"P", ",", "ncond", ",", "2"}], "]"}]}], ";"}]], "Input",
 CellChangeTimes->{{3.498468360339309*^9, 3.4984683752386*^9}, {
  3.498468592088406*^9, 
  3.498468594150872*^9}},ExpressionUUID->"99d7da6d-1fc2-4301-a856-\
51baa0a48004"],

Cell["elimina\[CCedilla]\[ATilde]o dos cabos para-raios: reducao de Kron", \
"Text",
 CellChangeTimes->{{3.498468282918167*^9, 3.498468291640646*^9}, {
  3.49846832693183*^9, 3.498468355690276*^9}, {3.498468488979818*^9, 
  3.4984685188473*^9}},ExpressionUUID->"7dea269e-5103-401f-b34a-4803bf3b3b35"],

Cell[CellGroupData[{

Cell[BoxData[{
 RowBox[{
  RowBox[{"Pred", "=", 
   RowBox[{
    RowBox[{"P", "[", 
     RowBox[{"[", 
      RowBox[{
       RowBox[{"1", ";;", "12"}], ",", 
       RowBox[{"1", ";;", "12"}]}], "]"}], "]"}], "-", 
    RowBox[{
     RowBox[{"P", "[", 
      RowBox[{"[", 
       RowBox[{
        RowBox[{"1", ";;", "12"}], ",", 
        RowBox[{"13", ";;", "14"}]}], "]"}], "]"}], ".", 
     RowBox[{"Inverse", "[", 
      RowBox[{"P", "[", 
       RowBox[{"[", 
        RowBox[{
         RowBox[{"13", ";;", "14"}], ",", 
         RowBox[{"13", ";;", "14"}]}], "]"}], "]"}], "]"}], ".", 
     RowBox[{"P", "[", 
      RowBox[{"[", 
       RowBox[{
        RowBox[{"13", ";;", "14"}], ",", 
        RowBox[{"1", ";;", "12"}]}], "]"}], "]"}]}]}]}], 
  ";"}], "\[IndentingNewLine]", 
 RowBox[{
  RowBox[{"Cred", "=", 
   RowBox[{"Inverse", "[", "Pred", "]"}]}], ";"}], "\[IndentingNewLine]", 
 RowBox[{"MatrixForm", "[", 
  RowBox[{"Cred", "-", "CsemPR"}], "]"}]}], "Input",
 CellChangeTimes->{{3.498468393654489*^9, 3.498468469914873*^9}, {
  3.498468522422697*^9, 
  3.498468544597155*^9}},ExpressionUUID->"7d2459ab-c65f-4d50-8dd7-\
b28c023ab9ed"],

Cell[BoxData[
 TagBox[
  RowBox[{"(", "\[NoBreak]", GridBox[{
     {
      RowBox[{"-", "2.7755575615628914`*^-17"}], 
      RowBox[{"-", "5.551115123125783`*^-17"}], "6.938893903907228`*^-18", 
      "1.3877787807814457`*^-17", 
      RowBox[{"-", "4.336808689942018`*^-19"}], "4.336808689942018`*^-18", 
      "5.637851296924623`*^-18", 
      RowBox[{"-", "2.6020852139652106`*^-18"}], "6.938893903907228`*^-18", 
      "3.469446951953614`*^-18", 
      RowBox[{"-", "3.2526065174565133`*^-18"}], 
      RowBox[{"-", "6.288372600415926`*^-18"}]},
     {
      RowBox[{"-", "2.7755575615628914`*^-17"}], "2.7755575615628914`*^-17", 
      RowBox[{"-", "2.7755575615628914`*^-17"}], "2.7755575615628914`*^-17", 
      "2.6020852139652106`*^-18", 
      RowBox[{"-", "1.3010426069826053`*^-18"}], 
      RowBox[{"-", "1.214306433183765`*^-17"}], "6.071532165918825`*^-18", 
      RowBox[{"-", "2.168404344971009`*^-18"}], "2.6020852139652106`*^-18", 
      RowBox[{"-", "1.734723475976807`*^-18"}], "4.553649124439119`*^-18"},
     {"0.`", 
      RowBox[{"-", "5.551115123125783`*^-17"}], "2.7755575615628914`*^-17", 
      "4.163336342344337`*^-17", 
      RowBox[{"-", "2.168404344971009`*^-18"}], 
      RowBox[{"-", "2.168404344971009`*^-18"}], "8.673617379884035`*^-19", 
      "0.`", "6.288372600415926`*^-18", "4.336808689942018`*^-19", 
      RowBox[{"-", "1.5178830414797062`*^-18"}], 
      RowBox[{"-", "2.6020852139652106`*^-18"}]},
     {
      RowBox[{"-", "4.163336342344337`*^-17"}], "1.3877787807814457`*^-17", 
      "0.`", "2.7755575615628914`*^-17", "3.469446951953614`*^-18", 
      RowBox[{"-", "8.673617379884035`*^-19"}], "1.3010426069826053`*^-18", 
      RowBox[{"-", "1.3010426069826053`*^-18"}], 
      RowBox[{"-", "1.3010426069826053`*^-18"}], "1.734723475976807`*^-18", 
      "2.168404344971009`*^-18", 
      RowBox[{"-", "3.2526065174565133`*^-18"}]},
     {
      RowBox[{"-", "5.204170427930421`*^-18"}], "6.071532165918825`*^-18", 
      RowBox[{"-", "9.107298248878237`*^-18"}], "6.938893903907228`*^-18", 
      "5.551115123125783`*^-17", 
      RowBox[{"-", "2.7755575615628914`*^-17"}], "1.3877787807814457`*^-17", 
      RowBox[{"-", "1.3877787807814457`*^-17"}], "6.071532165918825`*^-18", 
      RowBox[{"-", "7.806255641895632`*^-18"}], "1.214306433183765`*^-17", 
      RowBox[{"-", "1.734723475976807`*^-17"}]},
     {"1.474514954580286`*^-17", 
      RowBox[{"-", "9.107298248878237`*^-18"}], "9.974659986866641`*^-18", 
      RowBox[{"-", "7.37257477290143`*^-18"}], 
      RowBox[{"-", "5.551115123125783`*^-17"}], "5.551115123125783`*^-17", 
      RowBox[{"-", "1.3877787807814457`*^-17"}], 
      RowBox[{"-", "1.3877787807814457`*^-17"}], 
      RowBox[{"-", "7.806255641895632`*^-18"}], "1.474514954580286`*^-17", 
      RowBox[{"-", "9.107298248878237`*^-18"}], "9.540979117872439`*^-18"},
     {"2.168404344971009`*^-18", 
      RowBox[{"-", "8.673617379884035`*^-19"}], 
      RowBox[{"-", "3.903127820947816`*^-18"}], "1.0842021724855044`*^-17", 
      "1.3877787807814457`*^-17", 
      RowBox[{"-", "6.938893903907228`*^-17"}], "5.551115123125783`*^-17", 
      "0.`", "6.938893903907228`*^-18", "4.336808689942018`*^-19", 
      RowBox[{"-", "4.336808689942018`*^-18"}], 
      RowBox[{"-", "4.7704895589362195`*^-18"}]},
     {"1.734723475976807`*^-18", 
      RowBox[{"-", "5.204170427930421`*^-18"}], "6.071532165918825`*^-18", 
      RowBox[{"-", "9.974659986866641`*^-18"}], "0.`", 
      RowBox[{"-", "6.938893903907228`*^-18"}], "0.`", "0.`", 
      "2.168404344971009`*^-18", 
      RowBox[{"-", "4.7704895589362195`*^-18"}], "4.336808689942018`*^-19", 
      "1.1275702593849246`*^-17"},
     {
      RowBox[{"-", "4.336808689942018`*^-19"}], "3.0357660829594124`*^-18", 
      "8.673617379884035`*^-19", 
      RowBox[{"-", "7.806255641895632`*^-18"}], "6.071532165918825`*^-18", 
      RowBox[{"-", "1.1709383462843448`*^-17"}], "1.734723475976807`*^-18", 
      "1.3010426069826053`*^-17", 
      RowBox[{"-", "8.326672684688674`*^-17"}], "9.71445146547012`*^-17", 
      "6.938893903907228`*^-18", 
      RowBox[{"-", "1.3877787807814457`*^-17"}]},
     {"6.5052130349130266`*^-18", "1.734723475976807`*^-18", 
      RowBox[{"-", "1.0842021724855044`*^-18"}], 
      RowBox[{"-", "2.6020852139652106`*^-18"}], "1.0408340855860843`*^-17", 
      RowBox[{"-", "6.071532165918825`*^-18"}], 
      RowBox[{"-", "1.0842021724855044`*^-17"}], "5.204170427930421`*^-18", 
      "5.551115123125783`*^-17", 
      RowBox[{"-", "1.1102230246251565`*^-16"}], "6.938893903907228`*^-17", 
      RowBox[{"-", "1.3877787807814457`*^-17"}]},
     {
      RowBox[{"-", "3.903127820947816`*^-18"}], 
      RowBox[{"-", "5.204170427930421`*^-18"}], "5.637851296924623`*^-18", 
      "4.9873299934333204`*^-18", "8.673617379884035`*^-18", 
      RowBox[{"-", "6.938893903907228`*^-18"}], 
      RowBox[{"-", "6.071532165918825`*^-18"}], 
      RowBox[{"-", "5.204170427930421`*^-18"}], "0.`", 
      "6.938893903907228`*^-17", 
      RowBox[{"-", "8.326672684688674`*^-17"}], "1.3877787807814457`*^-17"},
     {
      RowBox[{"-", "1.3010426069826053`*^-18"}], "5.637851296924623`*^-18", 
      RowBox[{"-", "4.336808689942018`*^-18"}], "4.336808689942018`*^-18", 
      RowBox[{"-", "2.905661822261152`*^-17"}], "2.862293735361732`*^-17", 
      "6.938893903907228`*^-18", 
      RowBox[{"-", "3.469446951953614`*^-18"}], "0.`", 
      RowBox[{"-", "3.469446951953614`*^-17"}], "0.`", 
      "2.7755575615628914`*^-17"}
    },
    GridBoxAlignment->{
     "Columns" -> {{Center}}, "ColumnsIndexed" -> {}, "Rows" -> {{Baseline}}, 
      "RowsIndexed" -> {}},
    GridBoxSpacings->{"Columns" -> {
        Offset[0.27999999999999997`], {
         Offset[0.7]}, 
        Offset[0.27999999999999997`]}, "ColumnsIndexed" -> {}, "Rows" -> {
        Offset[0.2], {
         Offset[0.4]}, 
        Offset[0.2]}, "RowsIndexed" -> {}}], "\[NoBreak]", ")"}],
  Function[BoxForm`e$, 
   MatrixForm[BoxForm`e$]]]], "Output",
 CellChangeTimes->{3.498468546924158*^9, 3.498468599879163*^9, 
  3.498469629020012*^9},ExpressionUUID->"3747f4c0-f81b-45a7-8edd-\
ae97102ea1a0"]
}, Open  ]],

Cell["elimina\[CCedilla]\[ATilde]o dos feixes", "Text",
 CellChangeTimes->{{3.498468282918167*^9, 3.498468291640646*^9}, {
  3.49846832693183*^9, 3.498468355690276*^9}, {3.498468488979818*^9, 
  3.4984685188473*^9}, {3.498468623957315*^9, 
  3.49846862492102*^9}},ExpressionUUID->"3a1a2e89-fce2-4a18-9b4a-\
4a1907b2e76f"],

Cell[BoxData[
 RowBox[{
  RowBox[{"Yabc", "=", 
   RowBox[{
   "\[ImaginaryJ]", " ", "\[Omega]", " ", "2.0", " ", "\[Pi]", " ", 
    "\[Epsilon]", " ", 
    RowBox[{"eliminaFeixe", "[", 
     RowBox[{"CsemPR", ",", "nfeixe", ",", "nfases"}], "]"}]}]}], 
  ";"}]], "Input",
 CellChangeTimes->{{3.498468643699253*^9, 
  3.498468673200454*^9}},ExpressionUUID->"5cb6bb8a-1bd8-46d4-af41-\
216f0a99176b"],

Cell[CellGroupData[{

Cell[BoxData[
 RowBox[{"MatrixForm", "[", "Yabc", "]"}]], "Input",
 CellChangeTimes->{{3.498468676134436*^9, 
  3.498468682087522*^9}},ExpressionUUID->"4e7eabc6-dca7-4a8a-9b08-\
71e460be90d5"],

Cell[BoxData[
 TagBox[
  RowBox[{"(", "\[NoBreak]", GridBox[{
     {
      RowBox[{"5.122868642352939`*^-9", " ", "\[ImaginaryI]"}], 
      RowBox[{
       RowBox[{"-", "1.1039437178337455`*^-9"}], " ", "\[ImaginaryI]"}], 
      RowBox[{
       RowBox[{"-", "6.044585722167897`*^-10"}], " ", "\[ImaginaryI]"}]},
     {
      RowBox[{
       RowBox[{"-", "1.103943717833746`*^-9"}], " ", "\[ImaginaryI]"}], 
      RowBox[{"5.345964189864858`*^-9", " ", "\[ImaginaryI]"}], 
      RowBox[{
       RowBox[{"-", "1.1039437178337455`*^-9"}], " ", "\[ImaginaryI]"}]},
     {
      RowBox[{
       RowBox[{"-", "6.044585722167897`*^-10"}], " ", "\[ImaginaryI]"}], 
      RowBox[{
       RowBox[{"-", "1.1039437178337455`*^-9"}], " ", "\[ImaginaryI]"}], 
      RowBox[{"5.122868642352939`*^-9", " ", "\[ImaginaryI]"}]}
    },
    GridBoxAlignment->{
     "Columns" -> {{Center}}, "ColumnsIndexed" -> {}, "Rows" -> {{Baseline}}, 
      "RowsIndexed" -> {}},
    GridBoxSpacings->{"Columns" -> {
        Offset[0.27999999999999997`], {
         Offset[0.7]}, 
        Offset[0.27999999999999997`]}, "ColumnsIndexed" -> {}, "Rows" -> {
        Offset[0.2], {
         Offset[0.4]}, 
        Offset[0.2]}, "RowsIndexed" -> {}}], "\[NoBreak]", ")"}],
  Function[BoxForm`e$, 
   MatrixForm[BoxForm`e$]]]], "Output",
 CellChangeTimes->{3.498468683060743*^9, 
  3.498469629135651*^9},ExpressionUUID->"1fa2f9d2-37cf-41fa-bac3-\
86bbe7ff7795"]
}, Open  ]],

Cell[BoxData[
 RowBox[{
  RowBox[{"Y012", "=", 
   RowBox[{"DiagonalMatrix", "[", 
    RowBox[{"Diagonal", "[", 
     RowBox[{
      RowBox[{"Inverse", "[", "A", "]"}], ".", "Yabc", ".", "A"}], "]"}], 
    "]"}]}], ";"}]], "Input",
 CellChangeTimes->{{3.498468761850579*^9, 
  3.498468787710782*^9}},ExpressionUUID->"5a86191c-9526-4b18-9875-\
a790925ab5a0"],

Cell[CellGroupData[{

Cell[BoxData[
 RowBox[{"MatrixForm", "[", "Y012", "]"}]], "Input",
 CellChangeTimes->{{3.498468789356226*^9, 
  3.498468823352077*^9}},ExpressionUUID->"e20b8d92-4a0d-4c42-a59d-\
d6ae55f8be73"],

Cell[BoxData[
 TagBox[
  RowBox[{"(", "\[NoBreak]", GridBox[{
     {
      RowBox[{"9.842349704824754`*^-27", "+", 
       RowBox[{"3.3223364862673915`*^-9", " ", "\[ImaginaryI]"}]}], 
      RowBox[{"0.`", "\[InvisibleSpace]", "+", 
       RowBox[{"0.`", " ", "\[ImaginaryI]"}]}], 
      RowBox[{"0.`", "\[InvisibleSpace]", "+", 
       RowBox[{"0.`", " ", "\[ImaginaryI]"}]}]},
     {
      RowBox[{"0.`", "\[InvisibleSpace]", "+", 
       RowBox[{"0.`", " ", "\[ImaginaryI]"}]}], 
      RowBox[{"4.3943970041879595`*^-25", "+", 
       RowBox[{"6.134682494151672`*^-9", " ", "\[ImaginaryI]"}]}], 
      RowBox[{"0.`", "\[InvisibleSpace]", "+", 
       RowBox[{"0.`", " ", "\[ImaginaryI]"}]}]},
     {
      RowBox[{"0.`", "\[InvisibleSpace]", "+", 
       RowBox[{"0.`", " ", "\[ImaginaryI]"}]}], 
      RowBox[{"0.`", "\[InvisibleSpace]", "+", 
       RowBox[{"0.`", " ", "\[ImaginaryI]"}]}], 
      RowBox[{
       RowBox[{"-", "2.3264454728053903`*^-25"}], "+", 
       RowBox[{"6.134682494151672`*^-9", " ", "\[ImaginaryI]"}]}]}
    },
    GridBoxAlignment->{
     "Columns" -> {{Center}}, "ColumnsIndexed" -> {}, "Rows" -> {{Baseline}}, 
      "RowsIndexed" -> {}},
    GridBoxSpacings->{"Columns" -> {
        Offset[0.27999999999999997`], {
         Offset[0.7]}, 
        Offset[0.27999999999999997`]}, "ColumnsIndexed" -> {}, "Rows" -> {
        Offset[0.2], {
         Offset[0.4]}, 
        Offset[0.2]}, "RowsIndexed" -> {}}], "\[NoBreak]", ")"}],
  Function[BoxForm`e$, 
   MatrixForm[BoxForm`e$]]]], "Output",
 CellChangeTimes->{3.498468799959362*^9, 
  3.498469629220462*^9},ExpressionUUID->"48273def-3c8b-43e7-8334-\
090fbb0dbbf9"]
}, Open  ]],

Cell[CellGroupData[{

Cell[BoxData[
 RowBox[{" ", 
  RowBox[{"MatrixForm", "[", 
   RowBox[{
    RowBox[{"Y012", " ", 
     RowBox[{"10", "^", "6"}]}], "//", "Im"}], "]"}]}]], "Input",
 CellChangeTimes->{
  3.498468629383733*^9, {3.498468819268412*^9, 
   3.498468839590725*^9}},ExpressionUUID->"829a8060-26bb-4537-aaee-\
6388c0ec2756"],

Cell[BoxData[
 TagBox[
  RowBox[{"(", "\[NoBreak]", GridBox[{
     {"0.0033223364862673913`", "0.`", "0.`"},
     {"0.`", "0.0061346824941516725`", "0.`"},
     {"0.`", "0.`", "0.0061346824941516725`"}
    },
    GridBoxAlignment->{
     "Columns" -> {{Center}}, "ColumnsIndexed" -> {}, "Rows" -> {{Baseline}}, 
      "RowsIndexed" -> {}},
    GridBoxSpacings->{"Columns" -> {
        Offset[0.27999999999999997`], {
         Offset[0.7]}, 
        Offset[0.27999999999999997`]}, "ColumnsIndexed" -> {}, "Rows" -> {
        Offset[0.2], {
         Offset[0.4]}, 
        Offset[0.2]}, "RowsIndexed" -> {}}], "\[NoBreak]", ")"}],
  Function[BoxForm`e$, 
   MatrixForm[BoxForm`e$]]]], "Output",
 CellChangeTimes->{{3.498468825493182*^9, 3.498468840516075*^9}, 
   3.498469629256838*^9},ExpressionUUID->"b4316d74-b0c0-40c4-81a4-\
e2c5d979c405"]
}, Open  ]]
}, Open  ]],

Cell[CellGroupData[{

Cell["C\[AAcute]lculos das Matrizes Utilizando RMG", "Section",
 CellChangeTimes->{{3.49846810730755*^9, 3.498468116593102*^9}, {
  3.49846903331236*^9, 
  3.498469036309796*^9}},ExpressionUUID->"2eb2afdc-dfd1-417d-bd20-\
c849f97661ba"],

Cell["raio do feixe", "Text",
 CellChangeTimes->{{3.49846916944609*^9, 
  3.498469175311669*^9}},ExpressionUUID->"af399a52-dfe2-4179-a352-\
0fd75f390069"],

Cell[CellGroupData[{

Cell[BoxData[{
 RowBox[{
  RowBox[{"Rf", "=", 
   RowBox[{
    RowBox[{"(", 
     RowBox[{".458", "/", "2"}], ")"}], " ", "/", 
    RowBox[{"Cos", "[", 
     RowBox[{"45", " ", "Degree"}], "]"}]}]}], ";"}], "\[IndentingNewLine]", 
 RowBox[{"Rmg", "=", 
  RowBox[{
   RowBox[{"(", 
    RowBox[{"nfeixe", "*", "rf", "*", 
     RowBox[{"Rf", "^", 
      RowBox[{"(", 
       RowBox[{"nfeixe", "-", "1"}], ")"}]}]}], ")"}], "^", 
   RowBox[{"(", 
    RowBox[{"1", "/", "nfeixe"}], ")"}]}]}]}], "Input",
 CellChangeTimes->{{3.498469184334051*^9, 
  3.498469277401638*^9}},ExpressionUUID->"9c15a0a3-1d53-4b04-b7ff-\
cbc3c936b51b"],

Cell[BoxData["0.21174358878223049`"], "Output",
 CellChangeTimes->{3.498469209563381*^9, 3.498469284773567*^9, 
  3.49846962927647*^9},ExpressionUUID->"8584414e-686c-42be-ac77-d994c10cf677"]
}, Open  ]],

Cell["Novas coordenadas dos condutores", "Text",
 CellChangeTimes->{{3.498469445735106*^9, 
  3.498469450675158*^9}},ExpressionUUID->"c1ff1581-12e1-4f4e-9842-\
4a5261e7298e"],

Cell[CellGroupData[{

Cell[BoxData[{
 RowBox[{
  RowBox[{"xc1", "=", 
   RowBox[{"{", 
    RowBox[{
     RowBox[{"-", "4.042"}], ",", "0", ",", "4.042", ",", 
     RowBox[{"-", "3.500"}], ",", "3.5"}], "}"}]}], 
  ";"}], "\[IndentingNewLine]", 
 RowBox[{
  RowBox[{"yc1", "=", 
   RowBox[{"{", 
    RowBox[{
    "10.52", ",", " ", "15.5", ",", " ", "10.52", ",", " ", "20", ",", "20"}],
     "}"}]}], ";"}], "\[IndentingNewLine]", 
 RowBox[{
  RowBox[{"P1", "=", 
   RowBox[{"MPot", "[", 
    RowBox[{"xc1", ",", "yc1", ",", "5", ",", "2", ",", "Rmg", ",", "rpr"}], 
    "]"}]}], ";"}], "\[IndentingNewLine]", 
 RowBox[{"MatrixForm", "[", "P1", "]"}]}], "Input",
 CellChangeTimes->{{3.498469455533325*^9, 3.498469504536564*^9}, {
  3.498469548455448*^9, 
  3.498469636909397*^9}},ExpressionUUID->"0018204b-2a54-4aca-bd41-\
113d35687815"],

Cell[BoxData[
 TagBox[
  RowBox[{"(", "\[NoBreak]", GridBox[{
     {"4.598804611075462`", "1.4123196432112608`", "1.0253860649471032`", 
      "1.1677238432602737`", "0.953646935383437`"},
     {"1.4123196432112608`", "4.986366427691099`", "1.4123196432112608`", 
      "1.833749329544493`", "1.833749329544493`"},
     {"1.0253860649471032`", "1.4123196432112608`", "4.598804611075462`", 
      "0.953646935383437`", "1.1677238432602737`"},
     {"1.1677238432602737`", "1.833749329544493`", "0.953646935383437`", 
      "9.07712152818996`", "1.7580520122244863`"},
     {"0.953646935383437`", "1.833749329544493`", "1.1677238432602737`", 
      "1.7580520122244863`", "9.07712152818996`"}
    },
    GridBoxAlignment->{
     "Columns" -> {{Center}}, "ColumnsIndexed" -> {}, "Rows" -> {{Baseline}}, 
      "RowsIndexed" -> {}},
    GridBoxSpacings->{"Columns" -> {
        Offset[0.27999999999999997`], {
         Offset[0.7]}, 
        Offset[0.27999999999999997`]}, "ColumnsIndexed" -> {}, "Rows" -> {
        Offset[0.2], {
         Offset[0.4]}, 
        Offset[0.2]}, "RowsIndexed" -> {}}], "\[NoBreak]", ")"}],
  Function[BoxForm`e$, 
   MatrixForm[BoxForm`e$]]]], "Output",
 CellChangeTimes->{{3.498469629686083*^9, 
  3.498469638122787*^9}},ExpressionUUID->"5deae50e-ec4c-4a2a-beaa-\
288ec0958c6f"]
}, Open  ]],

Cell[CellGroupData[{

Cell[BoxData[{
 RowBox[{
  RowBox[{"CsemPR1", "=", 
   RowBox[{"eliminaPR", "[", 
    RowBox[{"P1", ",", "5", ",", "2"}], "]"}]}], ";"}], "\[IndentingNewLine]", 
 RowBox[{
  RowBox[{"Yabc1", "=", 
   RowBox[{
   "\[ImaginaryJ]", " ", "\[Omega]", " ", "2.0", " ", "\[Pi]", " ", 
    "\[Epsilon]", " ", "CsemPR1"}]}], ";"}], "\[IndentingNewLine]", 
 RowBox[{"MatrixForm", "[", "Yabc1", "]"}]}], "Input",
 CellChangeTimes->{{3.498469663277165*^9, 
  3.498469701286666*^9}},ExpressionUUID->"89f56a7f-89aa-4979-9650-\
f25e7cb247e3"],

Cell[BoxData[
 TagBox[
  RowBox[{"(", "\[NoBreak]", GridBox[{
     {
      RowBox[{"5.170500472171253`*^-9", " ", "\[ImaginaryI]"}], 
      RowBox[{
       RowBox[{"-", "1.076456660930193`*^-9"}], " ", "\[ImaginaryI]"}], 
      RowBox[{
       RowBox[{"-", "7.088355799776563`*^-10"}], " ", "\[ImaginaryI]"}]},
     {
      RowBox[{
       RowBox[{"-", "1.076456660930193`*^-9"}], " ", "\[ImaginaryI]"}], 
      RowBox[{"5.32338319771682`*^-9", " ", "\[ImaginaryI]"}], 
      RowBox[{
       RowBox[{"-", "1.076456660930193`*^-9"}], " ", "\[ImaginaryI]"}]},
     {
      RowBox[{
       RowBox[{"-", "7.088355799776563`*^-10"}], " ", "\[ImaginaryI]"}], 
      RowBox[{
